8.139692624936653798e-06 1.332774655410997780e-12 9.999918603060422573e-01
2.669687081864284206e-05 2.721836724282755013e-12 9.999733031264594896e-01
8.230470293624069921e-05 5.506552836277494728e-12 9.999176952915571626e-01
2.384917068968012306e-04 1.103525442653572986e-11 9.997615082820678900e-01
6.494402945727364724e-04 2.190295292814471224e-11 9.993505596835243754e-01
1.661390673263732527e-03 4.304176156505885359e-11 9.983386092836944448e-01
3.989865148660222578e-03 8.368194722547494152e-11 9.960101347676578731e-01
8.982646462176951604e-03 1.607435731797067910e-10 9.910173533770795240e-01
1.891414348620126806e-02 3.043492259823507512e-10 9.810858562094495472e-01
3.711411675929470605e-02 5.659542473285345005e-10 9.628858826747510591e-01
6.754669107014148188e-02 1.028734736820615970e-09 9.324533079011236847e-01
1.134538031751164966e-01 1.818762439581755299e-09 8.865461950061209739e-01
1.752668797820393087e-01 3.116842273676915164e-09 8.247331171011184070e-01
2.490963633963067247e-01 5.178939891388553799e-09 7.509036314247533594e-01
3.273929801864250977e-01 8.386906850947618287e-09 6.726070114266680111e-01
4.016877997554560431e-01 1.336227886561384257e-08 5.983121868822652845e-01
4.653680322637634981e-01 2.118596888978434286e-08 5.346319465502676893e-01
5.147613167565837644e-01 3.380010431028930964e-08 4.852386494433118536e-01
5.485960785446252208e-01 5.475523542512836583e-08 4.514038667001392668e-01
5.668626842420159129e-01 9.063837177350387316e-08 4.331372251196123346e-01
5.698525637502059871e-01 1.538361731186357729e-07 4.301472824136209350e-01
5.576331748650904530e-01 2.678593184295915316e-07 4.423665572755909881e-01
5.299637987687038088e-01 4.773830736356909021e-07 4.700357238482225086e-01
4.866433815358139348e-01 8.663527313786473707e-07 5.133557521114546773e-01
4.283092350261265557e-01 1.588199088281808041e-06 5.716891767747851461e-01
3.575664816683999936e-01 2.910504944380332256e-06 6.424306078266556197e-01
2.798899979921027903e-01 5.270640755499150287e-06 7.201047313671417038e-01
2.032751002269848062e-01 9.333084067874101964e-06 7.967155666889472743e-01
1.360175453913213817e-01 1.604727681971956249e-05 8.639664073318589210e-01
8.367225384560693369e-02 2.673337289984522176e-05 9.163010127814931183e-01
4.742382224908418820e-02 4.324492824660288175e-05 9.525329328226692649e-01
2.487972796247171076e-02 6.824189093105340531e-05 9.750520301465972484e-01
1.214213872964455508e-02 1.055766491372299649e-04 9.877522846212182239e-01
5.535077821459315726e-03 1.607918875525170222e-04 9.943041302909881862e-01
2.363507212164076172e-03 2.417494602626541671e-04 9.973947433275732743e-01
9.469684782340844582e-04 3.594286928965483669e-04 9.986936028288693201e-01
3.563362792601059369e-04 5.289399395852809700e-04 9.991147237811546233e-01
1.259866402206580326e-04 7.707976373435394216e-04 9.991032157224358778e-01
4.186103913174989448e-05 1.112489460945914610e-03 9.988456494999223834e-01
1.307194505597866844e-05 1.590364214847981563e-03 9.983965638400961184e-01
3.836276885408715335e-06 2.251838640793351904e-03 9.977443250823212484e-01
1.058030446805520903e-06 3.157889206372906273e-03 9.968410527631803575e-01
2.742034010218113721e-07 4.385745455026040206e-03 9.956139803415728906e-01
6.677163554805610844e-08 6.031633169965812044e-03 9.939683000583986461e-01
1.527578018683023249e-08 8.213326531486632442e-03 9.917866581927332614e-01
3.282792463012099403e-09 1.107216014688669134e-02 9.889278365703209062e-01
6.625770550418292965e-10 1.477403168348412170e-02 9.852259676539387723e-01
1.255723387838636241e-10 1.950881003526121898e-02 9.804911898391664993e-01
2.234166236723722792e-11 2.548748037888768844e-02 9.745125195987707212e-01
3.730687956955020376e-12 3.293634695284256703e-02 9.670636530434267852e-01
5.845120026956519087e-13 4.208772791559424464e-02 9.579122720838212368e-01
8.590194653930807287e-14 5.316686549843999132e-02 9.468331345014741052e-01
1.183836683775516426e-14 6.637527137147361533e-02 9.336247286285145330e-01
1.529469684483041344e-15 8.187141837358893892e-02 9.181285816264095345e-01
1.852022283235166003e-16 9.975048911968510679e-02 9.002495108803145740e-01
2.101489936053349036e-17 1.200256277543614303e-01 8.799743722456385697e-01
2.234271251964319026e-18 1.426135776271524880e-01 8.573864223728474565e-01
2.225684271119563087e-19 1.673274913252577878e-01 8.326725086747422955e-01
2.077531714505207950e-20 1.938789378238598704e-01 8.061210621761401018e-01
1.817500813998365842e-21 2.218897649789718096e-01 7.781102350210282736e-01
1.490664782236177663e-22 2.509127868852724652e-01 7.490872131147274793e-01
1.146688587966829065e-23 2.804586896288676634e-01 7.195413103711323366e-01
8.277381371561654383e-25 3.100255188723875510e-01 6.899744811276125045e-01
5.610172624870170394e-26 3.391268923704752192e-01 6.608731076295247808e-01
3.572493612632024666e-27 3.673156686950655447e-01 6.326843313049343998e-01
2.138785501172260913e-28 3.942009561511043425e-01 6.057990438488956020e-01
1.204633164566143656e-29 4.194576951793403397e-01 5.805423048206596048e-01
6.387333278776093973e-31 4.428292476186546089e-01 5.571707523813453911e-01
3.190316117731276059e-32 4.641242569503648552e-01 5.358757430496351448e-01
1.501933043809964595e-33 4.832094407976192940e-01 5.167905592023807060e-01
6.668074077511305768e-35 5.000000000000000000e-01 5.000000000000000000e-01
2.793107261043032443e-36 5.144491008062325177e-01 4.855508991937674823e-01
1.104304572476744914e-37 5.265375393676139382e-01 4.734624606323861173e-01
4.122420743305936022e-39 5.362643351424986049e-01 4.637356648575013951e-01
1.453440186917888085e-40 5.436386872370788659e-01 4.563613127629210786e-01
4.840762083059616114e-42 5.486734944129983971e-01 4.513265055870016029e-01
1.523223531378969878e-43 5.513804891835786259e-01 4.486195108164213186e-01
4.528766857814802239e-45 5.517669581492743447e-01 4.482330418507255998e-01
1.272235269793739127e-46 5.498339973124779512e-01 4.501660026875220488e-01
3.376777276852291777e-48 5.455762641919182920e-01 4.544237358080816525e-01
8.467063977189000929e-50 5.389832206876841170e-01 4.610167793123158830e-01
2.005293662601415968e-51 5.300418954586536557e-01 4.699581045413463443e-01
4.484647010067383962e-53 5.187412158785352778e-01 4.812587841214648332e-01
9.467715193971234251e-55 5.050779504053308777e-01 4.949220495946690113e-01
1.886086011410466370e-56 4.890642442543556845e-01 5.109357557456442045e-01
3.543903597204419513e-58 4.707366066334113808e-01 5.292633933665885637e-01
6.277467973604676219e-60 4.501660026875220488e-01 5.498339973124778401e-01
1.047667010336092054e-61 4.274684153930152219e-01 5.725315846069848336e-01
1.646386208967505662e-63 4.028148914279156001e-01 5.971851085720842889e-01
2.434602993309834936e-65 3.764397228869980072e-01 6.235602771130019928e-01
3.385496432974684064e-67 3.486451353339457548e-01 6.513548646660541896e-01
4.424088939121677928e-69 3.198007770480581491e-01 6.801992229519419064e-01
5.429391934257042658e-71 2.903365657061851013e-01 7.096634342938148432e-01
6.253771647207215783e-73 2.607281348980501345e-01 7.392718651019497544e-01
6.757138537794872591e-75 2.314752165009823781e-01 7.685247834990176496e-01
6.845697957612054483e-77 2.030746281894702243e-01 7.969253718105298034e-01
6.500627866140947441e-79 1.759907962224359357e-01 8.240092037775641476e-01
5.784590252449293782e-81 1.506275562857910255e-01 8.493724437142090578e-01
4.822987361896422161e-83 1.273050380753716904e-01 8.726949619246283651e-01
3.767728093491582712e-85 1.062446620033556943e-01 8.937553379966443057e-01
